17
4
-2480.00,-880.00,2080.00
0.39,0.79,-0.79
1.00,1.00,1.00
2
3200.00,-800.00,10960.00
0.00,0.00,0.79
1.00,1.00,1.00
0
0.00,-1040.00,8800.00
0.00,0.00,0.00
1.90,1.90,1.90
0
0.00,-800.00,22160.00
0.00,0.00,0.00
1.90,1.90,1.90
3
-1280.00,-720.00,10800.00
0.00,0.00,0.00
1.90,1.90,1.90
1
0.00,-720.00,21920.00
0.00,0.00,0.00
1.00,1.00,1.00
1
-1840.00,-720.00,21920.00
0.00,0.00,0.00
1.00,1.00,1.00
1
2000.00,-720.00,24160.00
0.39,3.14,-0.79
2.75,2.75,2.75
0
1360.00,-720.00,21120.00
0.00,0.79,0.00
3.10,3.10,3.10
4
2480.00,-720.00,29200.00
-0.79,1.18,0.79
1.00,1.00,1.00
4
-3840.00,-720.00,28400.00
-1.18,2.75,0.79
1.00,1.00,1.00
2
-3840.00,-720.00,42640.00
-1.18,2.75,0.79
1.00,1.00,1.00
2
240.00,-720.00,47200.00
0.00,0.00,0.79
1.00,1.00,1.00
3
1440.00,-480.00,47520.00
0.00,1.18,0.79
1.00,1.00,1.00
3
-640.00,-480.00,53440.00
0.00,1.18,0.79
1.50,1.50,1.50
2
1520.00,-480.00,53440.00
0.00,0.39,0.79
1.50,1.50,1.50
2
1520.00,-480.00,53440.00
-0.39,1.96,0.39
1.50,1.50,1.50
